delta(100)
Starting parallel pool (parpool) using the 'local' profile ... connected to 3 workers.

Bo_ATC =

  1 至 3 列

   0.001097138804943   0.001057135043107   0.001016067777878

  4 至 6 列

   0.000974309265157   0.000932215642802   0.000890120577046

  7 至 9 列

   0.000848330006832   0.000807118166742   0.000766724971049

  10 至 12 列

   0.000727354744924   0.000689176204576   0.000652323523637

  13 至 15 列

   0.000616898281989   0.000582972075272   0.000550589565682

  16 至 18 列

   0.000519771772672   0.000490519430452   0.000462816272857

  19 至 21 列

   0.000436632140832   0.000411925840500   0.000388647708453

  22 至 24 列

   0.000366741864542   0.000346148150816   0.000326803768675

  25 至 27 列

   0.000308644635301   0.000291606485857   0.000275625750536

  28 至 30 列

   0.000260640236014   0.000246589639882   0.000233415924680

  31 至 33 列

   0.000221063575685   0.000209479763847   0.000198614432497

  34 至 36 列

   0.000188420323775   0.000178852958250   0.000169870578972

  37 至 39 列

   0.000161434069208   0.000153506851416   0.000146054773525

  40 至 42 列

   0.000139045987367   0.000132450823056   0.000126241662266

  43 至 45 列

   0.000120392812635   0.000114880384977   0.000109682174511

  46 至 48 列

   0.000104777546936   0.000100147329924   0.000095773710335

  49 至 51 列

   0.000091640137326   0.000087731231342   0.000084032698940


Bo_ATS =

  1 至 3 列

   0.002479843748175   0.001574796860072   0.001218798068128

  4 至 6 列

   0.001022320196237   0.000889484383620   0.000797729800723

  7 至 9 列

   0.000718225232991   0.000652307508150   0.000596553231325

  10 至 12 列

   0.000548682713087   0.000506994487845   0.000470248358590

  13 至 15 列

   0.000437597084287   0.000408479477760   0.000382152752467

  16 至 18 列

   0.000358156981368   0.000336350595224   0.000316358072657

  19 至 21 列

   0.000297980309620   0.000281028935741   0.000265359769921

  22 至 24 列

   0.000250969891741   0.000237723328576   0.000225388046825

  25 至 27 列

   0.000213880511480   0.000203127867232   0.000193058550924

  28 至 30 列

   0.000183603704458   0.000174736362606   0.000166410792195

  31 至 33 列

   0.000158585823008   0.000151224254516   0.000144292224090

  34 至 36 列

   0.000137759136293   0.000131597073538   0.000125780477478

  37 至 39 列

   0.000120285932679   0.000115091943043   0.000110178737600

  40 至 42 列

   0.000105528100913   0.000101123224250   0.000096948574391

  43 至 45 列

   0.000092989777488   0.000089233515863   0.000085667435963

  46 至 48 列

   0.000082280066012   0.000079060742104   0.000075999541686

  49 至 51 列

   0.000073087223550   0.000070315173547   0.000067675355392


Bo_LTC =

   1.0e-03 *

  1 至 3 列

   0.670647476097088   0.815291526667043   0.745702189411965

  4 至 6 列

   0.677412466331762   0.609903807999020   0.503282525841430

  7 至 9 列

   0.532301934894579   0.484764078806557   0.441041291346835

  10 至 12 列

   0.402055149998721   0.366819038033756   0.334973873033961

  13 至 15 列

   0.306239739472532   0.280321337291382   0.256380541281676

  16 至 18 列

   0.235453190756050   0.217507875958073   0.201107566840654

  19 至 21 列

   0.185964500128272   0.172297416943350   0.159931754026801

  22 至 24 列

   0.148716726134596   0.138522347165687   0.129235972335428

  25 至 27 列

   0.120267532611553   0.111771370857334   0.103625895629239

  28 至 30 列

   0.095447218248436   0.088296721803272   0.083106891499808

  31 至 33 列

   0.078418353460628   0.074157941852272   0.070440316031533

  34 至 36 列

   0.066692033367015   0.063142881926479   0.059846671483349

  37 至 39 列

   0.056780898883969   0.053925433003216   0.051262231528728

  40 至 42 列

   0.048775094393982   0.046449448986931   0.044272162867693

  43 至 45 列

   0.042231380283985   0.040316379270302   0.038517446555928

  46 至 48 列

   0.036825767890701   0.035233331730483   0.033732844511910

  49 至 51 列

   0.032317655993431   0.030981693352036   0.029719402907123


Bo_LTB =

  1 至 3 列

   0.002479843748175   0.001442958767015   0.001083269224375

  4 至 6 列

   0.000883870107320   0.000736348141173   0.000631513866067

  7 至 9 列

   0.000571134950150   0.000506025263490   0.000450913446794

  10 至 12 列

   0.000404295402512   0.000364267955551   0.000329663266559

  13 至 15 列

   0.000299882081302   0.000273368337676   0.000249750185027

  16 至 18 列

   0.000228946274785   0.000210622907984   0.000194188074991

  19 至 21 列

   0.000179172219863   0.000165405373413   0.000153561177384

  22 至 24 列

   0.000142807313355   0.000132979635563   0.000123987462167

  25 至 27 列

   0.000115768838145   0.000108168265271   0.000101066403199

  28 至 30 列

   0.000094284918089   0.000088155373542   0.000083037817639

  31 至 33 列

   0.000078331978919   0.000074010762814   0.000070099565790

  34 至 36 列

   0.000066359181468   0.000062854947836   0.000059597191570

  37 至 39 列

   0.000056564352573   0.000053737109894   0.000051098114797

  40 至 42 列

   0.000048631759435   0.000046323975929   0.000044162061458

  43 至 45 列

   0.000042134525638   0.000040230957093   0.000038441906522

  46 至 48 列

   0.000036758784041   0.000035173768863   0.000033679729677

  49 至 51 列

   0.000032270154329   0.000030939087597   0.000029681076039


v_ATC =

     8.716520798892801e-11


p_ATC =

    37


v_ATS =

     8.674282784458556e-08


p_ATS =

    41


v_LTC =

     8.824334490359360e-06


p_LTC =

    47


v_LTB =

     3.734887885354121e-07


p_LTB =

    40


v =

     9.332816629698196e-06


p =

    41


min_M_ATC =

   0.092306692930121


min_M_ATS =

   3.041758000462849


min_M_LTC =

  20.373288065316849


min_M_LTB =

   3.395929173409339


min_M =

   6.417489750759953

Parallel pool using the 'local' profile is shutting down.
diary off
