function testspeed
% 测试哪一种方式写入和读取较快

A = [9.06186022490848e-06,9.06011460882280e-06,9.05720507143980e-06,9.05313134729779e-06,9.04789306553962e-06,9.04148975069067e-06,9.03392082372102e-06,9.02518560327174e-06,9.01528330714665e-06,9.00421305402539e-06,8.99197386546544e-06,8.97856466808677e-06,8.96398429603323e-06,8.94823149367628e-06,8.93130491862034e-06,8.91320314491317e-06,8.89392466656686e-06,8.87346790133843e-06,8.85183119479645e-06,8.82901282471832e-06,8.80501100573817e-06,8.77982389432697e-06,8.75344959408987e-06,8.72588616142523e-06,8.69713161147872e-06,8.66718392446768e-06,8.63604105236990e-06,8.60370092601448e-06,8.57016146252091e-06,8.53542057315557e-06,8.49947617160883e-06,8.46232618272432e-06,8.42396855163439e-06,8.38440125339071e-06,8.34362230303968e-06,8.30162976625128e-06,8.25842177040540e-06,8.21399651624459e-06,8.16835229004646e-06,8.12148747642042e-06,8.07340057164333e-06,8.02409019763913e-06,7.97355511656294e-06,7.92179424609082e-06,7.86880667533964e-06,7.81459168151881e-06,7.75914874728125e-06,7.70247757887105e-06,7.64457812500238e-06,7.58545059656342e-06,7.52509548714841e-06,7.46351359442425e-06,7.40070604242136e-06,7.33667430469298e-06,7.27142022843736e-06,7.20494605956317e-06,7.13725446878874e-06,7.06834857872680e-06,6.99823199204538e-06,6.92690882068945e-06,6.85438371624957e-06,6.78066190143585e-06,6.70574920274237e-06,6.62965208429024e-06,6.55237768292971e-06,6.47393384456416e-06,6.39432916177488e-06,6.31357301273565e-06,6.23167560149042e-06,6.14864799955879e-06,6.06450218893981e-06,5.97925110650134e-06,5.89290868981842e-06,5.80548992442433e-06,5.71701089253297e-06,5.62748882321493e-06,5.53694214407713e-06,5.44539053440486e-06,5.35285497980390e-06,5.25935782833880e-06,5.16492284814181e-06,5.06957528652636e-06,4.97334193054122e-06,4.87625116899128e-06,4.77833305586474e-06,4.67961937517767e-06,4.58014370715266e-06,4.47994149572836e-06,4.37905011731464e-06,4.27750895077085e-06,4.17535944849973e-06,4.07264520860529e-06,3.96941204801408e-06,3.86570807647647e-06,3.76158377131473e-06,3.65709205281519e-06,3.55228836012027e-06,3.44723072748561e-06,3.34197986072030e-06,3.23659921365089e-06,3.13115506440937e-06,3.02571659134856e-06,2.92035594834332e-06,2.81514833925091e-06,2.71017209126473e-06,2.60550872689273e-06,2.50124303424796e-06,2.39746313535606e-06,2.29426055211821e-06,2.19173026960821e-06,2.08997079629320e-06,1.98908422080636e-06,1.88917626483632e-06,1.79035633170702e-06,1.69273755018924e-06,1.59643681305722e-06,1.50157480989448e-06,1.40827605363525e-06,1.31666890030718e-06,1.22688556141193e-06,1.13906210838836e-06,1.05333846855959e-06,9.69858411987822e-07,8.88769528610488e-07,8.10223195057662e-07,7.34374530516873e-07,6.61382341037815e-07,5.91409051637612e-07,5.24620625599241e-07,4.61186470341177e-07,4.01279329271201e-07,3.45075159028660e-07,2.92752991562837e-07,2.44494780504560e-07,2.00485231337563e-07,1.60911614895421e-07,1.25963563770261e-07,9.58328512576742e-08,7.07131525314108e-08,5.07997877926044e-08,3.62894472202054e-08,2.73798976201676e-08,2.42696707605616e-08,2.71577334701356e-08,3.62431396764820e-08,5.17246646677817e-08,7.38004219743412e-08,1.02667463384568e-07,1.38521362735096e-07,1.81555784245273e-07,2.31962036300625e-07,2.89928611727691e-07,3.55640715746068e-07,4.29279782924597e-07,5.11022984616616e-07,6.01042728488135e-07,6.99506151902313e-07,8.06574611056943e-07,9.22403167913552e-07,1.04714007707795e-06,1.18092627492284e-06,1.32389487335038e-06,1.47617066069622e-06,1.63786961236202e-06,1.80909841384548e-06,1.98995399888997e-06,2.18052310551975e-06,2.38088185274406e-06,2.59109534072440e-06,2.81121727717167e-06,3.04128963270060e-06,3.28134232779657e-06,3.53139295396989e-06,3.79144653154814e-06,4.06149530641785e-06,4.34151858786552e-06,4.63148262946848e-06,4.93134055479006e-06,5.24103232937706e-06,5.56048478031581e-06,5.88961166431241e-06,6.22831378499019e-06,6.57647915975930e-06,6.93398323631883e-06,7.30068915849857e-06,7.67644808082995e-06,8.06109953087235e-06,8.45447181800200e-06,8.85638248701450e-06,9.26663881457865e-06,9.68503834623905e-06,1.01113694713886e-05,1.05454120333143e-05,1.09869379711801e-05,1.14357119905431e-05,1.18914922588149e-05,1.23540311218636e-05,1.28230758378221e-05,1.32983693240276e-05,1.37796509129560e-05;1.23118710219920e-05,1.23107333150005e-05,1.23088823562602e-05,1.23062641069894e-05,1.23029018258689e-05,1.22987865905991e-05,1.22939282287993e-05,1.22883108809118e-05,1.22819657464219e-05,1.22748378080779e-05,1.22669775248486e-05,1.22583488762160e-05,1.22489579112456e-05,1.22388083362472e-05,1.22279308290528e-05,1.22162719313332e-05,1.22038426144716e-05,1.21906464661649e-05,1.21767378163312e-05,1.21620184959808e-05,1.21465201183091e-05,1.21302447982067e-05,1.21131963399966e-05,1.20953778883581e-05,1.20767822557121e-05,1.20573864759291e-05,1.20372123877166e-05,1.20162563874960e-05,1.19945109642140e-05,1.19719507616238e-05,1.19486025199000e-05,1.19244603841561e-05,1.18995112458229e-05,1.18737322560444e-05,1.18471616550439e-05,1.18197660726945e-05,1.17915557708643e-05,1.17624955741425e-05,1.17326311674280e-05,1.17019254900430e-05,1.16703896973238e-05,1.16380007256610e-05,1.16047468661551e-05,1.15706593477565e-05,1.15357212799758e-05,1.14999081833973e-05,1.14632037970881e-05,1.14256538550122e-05,1.13872330066487e-05,1.13479143976681e-05,1.13076605747186e-05,1.12665626022736e-05,1.12245704461016e-05,1.11816548659093e-05,1.11378385617062e-05,1.10930976895667e-05,1.10474353895251e-05,1.10008412244658e-05,1.09532882434074e-05,1.09048041306462e-05,1.08553722570718e-05,1.08049818775409e-05,1.07536241875030e-05,1.07012900173043e-05,1.06479806491560e-05,1.05936831823421e-05,1.05383909265298e-05,1.04820974080222e-05,1.04247918337673e-05,1.03664722209286e-05,1.03071294016373e-05,1.02467546739253e-05,1.01853382866659e-05,1.01228786012032e-05,1.00593755075196e-05,9.99479806551613e-06,9.92914723880245e-06,9.86242302283744e-06,9.79461786649524e-06,9.72571222111824e-06,9.65570180131926e-06,9.58458598822047e-06,9.51235544779773e-06,9.43899473279431e-06,9.36449783548089e-06,9.28886233068516e-06,9.21208228794623e-06,9.12914418087946e-06,9.04991673372108e-06,8.97475273954358e-06,8.89329826872039e-06,8.80779029620225e-06,8.72388602902997e-06,8.64177003130607e-06,8.55552375118469e-06,8.46603333729875e-06,8.37729515031900e-06,8.28944683968757e-06,8.19830277542255e-06,8.10423443887077e-06,8.01055852316918e-06,7.91725818638507e-06,7.82111341410561e-06,7.72239506452091e-06,7.62369877246465e-06,7.52503100952780e-06,7.42382671926636e-06,7.32130873215501e-06,7.21677632562250e-06,7.11281049952878e-06,7.00656163039702e-06,6.89891015417452e-06,6.78939656118546e-06,6.68016975168042e-06,6.56887545559266e-06,6.45625363672748e-06,6.34186152181749e-06,6.22682443445383e-06,6.11129649107264e-06,5.99381200492791e-06,5.87893864918153e-06,5.75489573882327e-06,5.63452035058089e-06,5.51241965461508e-06,5.39217362659159e-06,5.26462365454082e-06,5.13979922354227e-06,5.01352126023221e-06,4.88593769394828e-06,4.75784187846741e-06,4.62918055845120e-06,4.49938878433632e-06,4.36858014421761e-06,4.23740396835138e-06,4.10584376673318e-06,3.97199267815470e-06,3.83920391127808e-06,3.70762118040119e-06,3.57455756854202e-06,3.44127045604612e-06,3.30734073849379e-06,3.17498468202702e-06,3.04250067850472e-06,2.91052318375035e-06,2.77898660530239e-06,2.64919617405479e-06,2.52038384057340e-06,2.39909664970331e-06,2.26767590983238e-06,2.14477392878003e-06,2.02444726297040e-06,1.90949602933301e-06,1.79340292838290e-06,1.68359998252234e-06,1.57925148405232e-06,1.47990415085615e-06,1.38688979687079e-06,1.30030746071329e-06,1.22317083022739e-06,1.15411522845186e-06,1.09602803153298e-06,1.05014294907345e-06,1.01722884183793e-06,9.99616413577818e-07,9.99885544631273e-07,1.02017791805324e-06,1.06277018013745e-06,1.13138765014195e-06,1.22997418092395e-06,1.36291870382741e-06,1.53498565646383e-06,1.75951917016016e-06,2.02233199756576e-06,2.35363712766054e-06,2.75601383420231e-06,3.24165085900704e-06,3.82341440524889e-06,4.52737179426390e-06,